# Time Tags Distribution
# 2024-08-09 14:21:21
# Unit Time Diff: s
# Unit Count: 1
# Time Diff ; Count
 0.0000000E+000 ;  9.0000000E+000
 1.0008340E-011 ;  1.2000000E+001
 2.0016681E-011 ;  3.0000000E+000
 3.0025021E-011 ;  1.5000000E+001
 4.0033361E-011 ;  1.0000000E+001
 5.0041701E-011 ;  5.0000000E+000
 6.0050042E-011 ;  3.0000000E+000
 7.0058382E-011 ;  1.1000000E+001
 8.0066722E-011 ;  5.0000000E+000
 9.0075063E-011 ;  1.0000000E+001
 1.0008340E-010 ;  8.0000000E+000
 1.1009174E-010 ;  5.0000000E+000
 1.2010008E-010 ;  7.0000000E+000
 1.3010842E-010 ;  3.0000000E+000
 1.4011676E-010 ;  7.0000000E+000
 1.5012510E-010 ;  9.0000000E+000
 1.6013344E-010 ;  7.0000000E+000
 1.7014178E-010 ;  3.0000000E+000
 1.8015013E-010 ;  8.0000000E+000
 1.9015847E-010 ;  1.0000000E+001
 2.0016681E-010 ;  8.0000000E+000
 2.1017515E-010 ;  1.2000000E+001
 2.2018349E-010 ;  8.0000000E+000
 2.3019183E-010 ;  9.0000000E+000
 2.4020017E-010 ;  1.2000000E+001
 2.5020851E-010 ;  8.0000000E+000
 2.6021685E-010 ;  8.0000000E+000
 2.7022519E-010 ;  1.0000000E+000
 2.8023353E-010 ;  6.0000000E+000
 2.9024187E-010 ;  5.0000000E+000
 3.0025021E-010 ;  1.5000000E+001
 3.1025855E-010 ;  7.0000000E+000
 3.2026689E-010 ;  8.0000000E+000
 3.3027523E-010 ;  8.0000000E+000
 3.4028357E-010 ;  6.0000000E+000
 3.5029191E-010 ;  1.3000000E+001
 3.6030025E-010 ;  1.4000000E+001
 3.7030859E-010 ;  8.0000000E+000
 3.8031693E-010 ;  8.0000000E+000
 3.9032527E-010 ;  8.0000000E+000
 4.0033361E-010 ;  9.0000000E+000
 4.1034195E-010 ;  4.0000000E+000
 4.2035029E-010 ;  9.0000000E+000
 4.3035863E-010 ;  1.3000000E+001
 4.4036697E-010 ;  7.0000000E+000
 4.5037531E-010 ;  1.9000000E+001
 4.6038365E-010 ;  8.0000000E+000
 4.7039199E-010 ;  1.1000000E+001
 4.8040033E-010 ;  2.0000000E+001
 4.9040867E-010 ;  1.9000000E+001
 5.0041701E-010 ;  1.0000000E+001
 5.1042535E-010 ;  2.2000000E+001
 5.2043369E-010 ;  2.7000000E+001
 5.3044204E-010 ;  1.9000000E+001
 5.4045038E-010 ;  2.1000000E+001
 5.5045872E-010 ;  1.8000000E+001
 5.6046706E-010 ;  1.7000000E+001
 5.7047540E-010 ;  3.0000000E+001
 5.8048374E-010 ;  3.2000000E+001
 5.9049208E-010 ;  3.6000000E+001
 6.0050042E-010 ;  3.7000000E+001
 6.1050876E-010 ;  4.6000000E+001
 6.2051710E-010 ;  5.5000000E+001
 6.3052544E-010 ;  4.8000000E+001
 6.4053378E-010 ;  6.3000000E+001
 6.5054212E-010 ;  6.1000000E+001
 6.6055046E-010 ;  6.8000000E+001
 6.7055880E-010 ;  7.1000000E+001
 6.8056714E-010 ;  8.6000000E+001
 6.9057548E-010 ;  1.2000000E+002
 7.0058382E-010 ;  9.9000000E+001
 7.1059216E-010 ;  1.0200000E+002
 7.2060050E-010 ;  1.4700000E+002
 7.3060884E-010 ;  1.3300000E+002
 7.4061718E-010 ;  1.3400000E+002
 7.5062552E-010 ;  1.2100000E+002
 7.6063386E-010 ;  1.7600000E+002
 7.7064220E-010 ;  1.8800000E+002
 7.8065054E-010 ;  2.0800000E+002
 7.9065888E-010 ;  1.4900000E+002
 8.0066722E-010 ;  2.3300000E+002
 8.1067556E-010 ;  2.4800000E+002
 8.2068390E-010 ;  2.1100000E+002
 8.3069224E-010 ;  2.3500000E+002
 8.4070058E-010 ;  2.5800000E+002
 8.5070892E-010 ;  2.7500000E+002
 8.6071726E-010 ;  3.2700000E+002
 8.7072560E-010 ;  3.1500000E+002
 8.8073394E-010 ;  3.2400000E+002
 8.9074229E-010 ;  3.6000000E+002
 9.0075063E-010 ;  3.3900000E+002
 9.1075897E-010 ;  4.0700000E+002
 9.2076731E-010 ;  3.0900000E+002
 9.3077565E-010 ;  3.7800000E+002
 9.4078399E-010 ;  4.1000000E+002
 9.5079233E-010 ;  4.1700000E+002
 9.6080067E-010 ;  5.0900000E+002
 9.7080901E-010 ;  4.1400000E+002
 9.8081735E-010 ;  4.4900000E+002
 9.9082569E-010 ;  4.2100000E+002
 1.0008340E-009 ;  4.3700000E+002
 1.0108424E-009 ;  5.0200000E+002
 1.0208507E-009 ;  4.1200000E+002
 1.0308590E-009 ;  5.1700000E+002
 1.0408674E-009 ;  4.6400000E+002
 1.0508757E-009 ;  5.2900000E+002
 1.0608841E-009 ;  5.3700000E+002
 1.0708924E-009 ;  4.7000000E+002
 1.0809008E-009 ;  4.8800000E+002
 1.0909091E-009 ;  5.1800000E+002
 1.1009174E-009 ;  4.8700000E+002
 1.1109258E-009 ;  4.7900000E+002
 1.1209341E-009 ;  5.6900000E+002
 1.1309425E-009 ;  3.9700000E+002
 1.1409508E-009 ;  5.2200000E+002
 1.1509591E-009 ;  4.6400000E+002
 1.1609675E-009 ;  5.2500000E+002
 1.1709758E-009 ;  4.3600000E+002
 1.1809842E-009 ;  4.7300000E+002
 1.1909925E-009 ;  5.2900000E+002
 1.2010008E-009 ;  4.5000000E+002
 1.2110092E-009 ;  4.4700000E+002
 1.2210175E-009 ;  5.4400000E+002
 1.2310259E-009 ;  4.3000000E+002
 1.2410342E-009 ;  4.2200000E+002
 1.2510425E-009 ;  5.0200000E+002
 1.2610509E-009 ;  3.9100000E+002
 1.2710592E-009 ;  4.2200000E+002
 1.2810676E-009 ;  4.1000000E+002
 1.2910759E-009 ;  4.5300000E+002
 1.3010842E-009 ;  4.1900000E+002
 1.3110926E-009 ;  4.3700000E+002
 1.3211009E-009 ;  3.6700000E+002
 1.3311093E-009 ;  4.5900000E+002
 1.3411176E-009 ;  3.8700000E+002
 1.3511259E-009 ;  3.8200000E+002
 1.3611343E-009 ;  3.7400000E+002
 1.3711426E-009 ;  3.5200000E+002
 1.3811510E-009 ;  4.1400000E+002
 1.3911593E-009 ;  3.3400000E+002
 1.4011676E-009 ;  3.9700000E+002
 1.4111760E-009 ;  3.7400000E+002
 1.4211843E-009 ;  3.1800000E+002
 1.4311927E-009 ;  4.1800000E+002
 1.4412010E-009 ;  2.9600000E+002
 1.4512093E-009 ;  4.6900000E+002
 1.4612177E-009 ;  2.9300000E+002
 1.4712260E-009 ;  3.4900000E+002
 1.4812344E-009 ;  3.5400000E+002
 1.4912427E-009 ;  2.6200000E+002
 1.5012510E-009 ;  2.8400000E+002
 1.5112594E-009 ;  3.4700000E+002
 1.5212677E-009 ;  3.3400000E+002
 1.5312761E-009 ;  3.0000000E+002
 1.5412844E-009 ;  3.0900000E+002
 1.5512927E-009 ;  2.7000000E+002
 1.5613011E-009 ;  2.9500000E+002
 1.5713094E-009 ;  3.1100000E+002
 1.5813178E-009 ;  3.2700000E+002
 1.5913261E-009 ;  2.7100000E+002
 1.6013344E-009 ;  2.5700000E+002
 1.6113428E-009 ;  2.2600000E+002
 1.6213511E-009 ;  3.2800000E+002
 1.6313595E-009 ;  2.0900000E+002
 1.6413678E-009 ;  3.2500000E+002
 1.6513761E-009 ;  2.4300000E+002
 1.6613845E-009 ;  2.3400000E+002
 1.6713928E-009 ;  2.7800000E+002
 1.6814012E-009 ;  2.1600000E+002
 1.6914095E-009 ;  2.6600000E+002
 1.7014178E-009 ;  1.8000000E+002
 1.7114262E-009 ;  2.1600000E+002
 1.7214345E-009 ;  1.9900000E+002
 1.7314429E-009 ;  2.4900000E+002
 1.7414512E-009 ;  2.0200000E+002
 1.7514595E-009 ;  2.3300000E+002
 1.7614679E-009 ;  2.0900000E+002
 1.7714762E-009 ;  2.3300000E+002
 1.7814846E-009 ;  1.9900000E+002
 1.7914929E-009 ;  2.1400000E+002
 1.8015013E-009 ;  1.5600000E+002
 1.8115096E-009 ;  2.4000000E+002
 1.8215179E-009 ;  1.9800000E+002
 1.8315263E-009 ;  1.9200000E+002
 1.8415346E-009 ;  2.0800000E+002
 1.8515430E-009 ;  1.6400000E+002
 1.8615513E-009 ;  2.1800000E+002
 1.8715596E-009 ;  1.5200000E+002
 1.8815680E-009 ;  1.9100000E+002
 1.8915763E-009 ;  2.2400000E+002
 1.9015847E-009 ;  1.6400000E+002
 1.9115930E-009 ;  1.9700000E+002
 1.9216013E-009 ;  1.5500000E+002
 1.9316097E-009 ;  1.4800000E+002
 1.9416180E-009 ;  2.2200000E+002
 1.9516264E-009 ;  1.6000000E+002
 1.9616347E-009 ;  1.4700000E+002
 1.9716430E-009 ;  1.9300000E+002
 1.9816514E-009 ;  1.6600000E+002
 1.9916597E-009 ;  1.5200000E+002
 2.0016681E-009 ;  1.5900000E+002
 2.0116764E-009 ;  1.8600000E+002
 2.0216847E-009 ;  1.4900000E+002
 2.0316931E-009 ;  1.5300000E+002
 2.0417014E-009 ;  1.5000000E+002
 2.0517098E-009 ;  1.4800000E+002
 2.0617181E-009 ;  1.4400000E+002
 2.0717264E-009 ;  1.8100000E+002
 2.0817348E-009 ;  1.1900000E+002
 2.0917431E-009 ;  1.4400000E+002
 2.1017515E-009 ;  1.4000000E+002
 2.1117598E-009 ;  1.1900000E+002
 2.1217681E-009 ;  1.2400000E+002
 2.1317765E-009 ;  1.5200000E+002
 2.1417848E-009 ;  1.2000000E+002
 2.1517932E-009 ;  1.2400000E+002
 2.1618015E-009 ;  1.2000000E+002
 2.1718098E-009 ;  1.2800000E+002
 2.1818182E-009 ;  1.3700000E+002
 2.1918265E-009 ;  1.2400000E+002
 2.2018349E-009 ;  1.3000000E+002
 2.2118432E-009 ;  1.2200000E+002
 2.2218515E-009 ;  1.1300000E+002
 2.2318599E-009 ;  1.3100000E+002
 2.2418682E-009 ;  1.3000000E+002
 2.2518766E-009 ;  9.3000000E+001
 2.2618849E-009 ;  1.2900000E+002
 2.2718932E-009 ;  1.1500000E+002
 2.2819016E-009 ;  1.1400000E+002
 2.2919099E-009 ;  1.1700000E+002
 2.3019183E-009 ;  9.9000000E+001
 2.3119266E-009 ;  1.3300000E+002
 2.3219349E-009 ;  1.0000000E+002
 2.3319433E-009 ;  1.1900000E+002
 2.3419516E-009 ;  1.1800000E+002
 2.3519600E-009 ;  1.3500000E+002
 2.3619683E-009 ;  1.1200000E+002
 2.3719766E-009 ;  1.0800000E+002
 2.3819850E-009 ;  1.0800000E+002
 2.3919933E-009 ;  1.2100000E+002
 2.4020017E-009 ;  1.0800000E+002
 2.4120100E-009 ;  9.5000000E+001
 2.4220183E-009 ;  1.1600000E+002
 2.4320267E-009 ;  8.5000000E+001
 2.4420350E-009 ;  1.2100000E+002
 2.4520434E-009 ;  9.9000000E+001
 2.4620517E-009 ;  1.0100000E+002
 2.4720601E-009 ;  8.1000000E+001
 2.4820684E-009 ;  8.9000000E+001
 2.4920767E-009 ;  9.8000000E+001
 2.5020851E-009 ;  9.3000000E+001
 2.5120934E-009 ;  9.6000000E+001
 2.5221018E-009 ;  1.1200000E+002
 2.5321101E-009 ;  8.8000000E+001
 2.5421184E-009 ;  8.2000000E+001
 2.5521268E-009 ;  9.9000000E+001
 2.5621351E-009 ;  8.9000000E+001
 2.5721435E-009 ;  1.1500000E+002
 2.5821518E-009 ;  8.4000000E+001
 2.5921601E-009 ;  8.4000000E+001
 2.6021685E-009 ;  9.0000000E+001
 2.6121768E-009 ;  9.6000000E+001
 2.6221852E-009 ;  7.4000000E+001
 2.6321935E-009 ;  7.3000000E+001
 2.6422018E-009 ;  9.3000000E+001
 2.6522102E-009 ;  8.3000000E+001
 2.6622185E-009 ;  1.0900000E+002
 2.6722269E-009 ;  8.5000000E+001
 2.6822352E-009 ;  7.4000000E+001
 2.6922435E-009 ;  8.2000000E+001
 2.7022519E-009 ;  7.7000000E+001
 2.7122602E-009 ;  7.9000000E+001
 2.7222686E-009 ;  9.9000000E+001
 2.7322769E-009 ;  9.7000000E+001
 2.7422852E-009 ;  7.2000000E+001
 2.7522936E-009 ;  6.2000000E+001
 2.7623019E-009 ;  8.9000000E+001
 2.7723103E-009 ;  8.2000000E+001
 2.7823186E-009 ;  7.5000000E+001
 2.7923269E-009 ;  6.6000000E+001
 2.8023353E-009 ;  8.6000000E+001
 2.8123436E-009 ;  8.7000000E+001
 2.8223520E-009 ;  9.1000000E+001
 2.8323603E-009 ;  8.7000000E+001
 2.8423686E-009 ;  5.9000000E+001
 2.8523770E-009 ;  7.3000000E+001
 2.8623853E-009 ;  9.5000000E+001
 2.8723937E-009 ;  8.4000000E+001
 2.8824020E-009 ;  7.3000000E+001
 2.8924103E-009 ;  7.2000000E+001
 2.9024187E-009 ;  6.0000000E+001
 2.9124270E-009 ;  8.8000000E+001
 2.9224354E-009 ;  6.3000000E+001
 2.9324437E-009 ;  5.8000000E+001
 2.9424520E-009 ;  6.7000000E+001
 2.9524604E-009 ;  5.9000000E+001
 2.9624687E-009 ;  7.4000000E+001
 2.9724771E-009 ;  6.4000000E+001
 2.9824854E-009 ;  7.2000000E+001
 2.9924937E-009 ;  6.8000000E+001
 3.0025021E-009 ;  8.9000000E+001
 3.0125104E-009 ;  6.1000000E+001
 3.0225188E-009 ;  6.6000000E+001
 3.0325271E-009 ;  7.3000000E+001
 3.0425354E-009 ;  5.8000000E+001
 3.0525438E-009 ;  6.7000000E+001
 3.0625521E-009 ;  6.9000000E+001
 3.0725605E-009 ;  4.9000000E+001
 3.0825688E-009 ;  6.9000000E+001
 3.0925771E-009 ;  5.5000000E+001
 3.1025855E-009 ;  7.9000000E+001
 3.1125938E-009 ;  5.9000000E+001
 3.1226022E-009 ;  6.0000000E+001
 3.1326105E-009 ;  5.8000000E+001
 3.1426188E-009 ;  7.4000000E+001
 3.1526272E-009 ;  5.9000000E+001
 3.1626355E-009 ;  7.2000000E+001
 3.1726439E-009 ;  7.0000000E+001
 3.1826522E-009 ;  5.7000000E+001
 3.1926606E-009 ;  6.1000000E+001
 3.2026689E-009 ;  4.6000000E+001
 3.2126772E-009 ;  4.0000000E+001
 3.2226856E-009 ;  8.2000000E+001
 3.2326939E-009 ;  4.8000000E+001
 3.2427023E-009 ;  5.7000000E+001
 3.2527106E-009 ;  6.4000000E+001
 3.2627189E-009 ;  5.9000000E+001
 3.2727273E-009 ;  5.3000000E+001
 3.2827356E-009 ;  7.0000000E+001
 3.2927440E-009 ;  6.6000000E+001
 3.3027523E-009 ;  5.8000000E+001
 3.3127606E-009 ;  4.0000000E+001
 3.3227690E-009 ;  5.5000000E+001
 3.3327773E-009 ;  5.3000000E+001
 3.3427857E-009 ;  5.2000000E+001
 3.3527940E-009 ;  6.4000000E+001
 3.3628023E-009 ;  5.0000000E+001
 3.3728107E-009 ;  4.2000000E+001
 3.3828190E-009 ;  5.0000000E+001
 3.3928274E-009 ;  3.8000000E+001
 3.4028357E-009 ;  5.8000000E+001
 3.4128440E-009 ;  4.6000000E+001
 3.4228524E-009 ;  4.1000000E+001
 3.4328607E-009 ;  4.9000000E+001
 3.4428691E-009 ;  3.0000000E+001
 3.4528774E-009 ;  5.5000000E+001
 3.4628857E-009 ;  4.4000000E+001
 3.4728941E-009 ;  5.7000000E+001
 3.4829024E-009 ;  5.6000000E+001
 3.4929108E-009 ;  4.1000000E+001
 3.5029191E-009 ;  4.2000000E+001
 3.5129274E-009 ;  4.8000000E+001
 3.5229358E-009 ;  4.8000000E+001
 3.5329441E-009 ;  5.2000000E+001
 3.5429525E-009 ;  4.8000000E+001
 3.5529608E-009 ;  4.4000000E+001
 3.5629691E-009 ;  4.5000000E+001
 3.5729775E-009 ;  5.2000000E+001
 3.5829858E-009 ;  5.5000000E+001
 3.5929942E-009 ;  2.7000000E+001
 3.6030025E-009 ;  4.0000000E+001
 3.6130108E-009 ;  4.8000000E+001
 3.6230192E-009 ;  4.5000000E+001
 3.6330275E-009 ;  4.4000000E+001
 3.6430359E-009 ;  5.2000000E+001
 3.6530442E-009 ;  3.8000000E+001
 3.6630525E-009 ;  3.8000000E+001
 3.6730609E-009 ;  5.2000000E+001
 3.6830692E-009 ;  4.2000000E+001
 3.6930776E-009 ;  4.7000000E+001
 3.7030859E-009 ;  2.6000000E+001
 3.7130942E-009 ;  3.3000000E+001
 3.7231026E-009 ;  5.1000000E+001
 3.7331109E-009 ;  4.4000000E+001
 3.7431193E-009 ;  4.6000000E+001
 3.7531276E-009 ;  4.7000000E+001
 3.7631359E-009 ;  4.4000000E+001
 3.7731443E-009 ;  5.1000000E+001
 3.7831526E-009 ;  4.4000000E+001
 3.7931610E-009 ;  5.5000000E+001
 3.8031693E-009 ;  3.8000000E+001
 3.8131776E-009 ;  5.0000000E+001
 3.8231860E-009 ;  4.0000000E+001
 3.8331943E-009 ;  4.5000000E+001
 3.8432027E-009 ;  5.0000000E+001
 3.8532110E-009 ;  3.8000000E+001
 3.8632193E-009 ;  4.7000000E+001
 3.8732277E-009 ;  4.0000000E+001
 3.8832360E-009 ;  4.1000000E+001
 3.8932444E-009 ;  3.3000000E+001
 3.9032527E-009 ;  2.9000000E+001
 3.9132611E-009 ;  4.8000000E+001
 3.9232694E-009 ;  3.3000000E+001
 3.9332777E-009 ;  3.2000000E+001
 3.9432861E-009 ;  5.1000000E+001
 3.9532944E-009 ;  3.7000000E+001
 3.9633028E-009 ;  4.3000000E+001
 3.9733111E-009 ;  3.7000000E+001
 3.9833194E-009 ;  3.7000000E+001
 3.9933278E-009 ;  4.2000000E+001
 4.0033361E-009 ;  4.9000000E+001
 4.0133445E-009 ;  4.3000000E+001
 4.0233528E-009 ;  4.0000000E+001
 4.0333611E-009 ;  4.3000000E+001
 4.0433695E-009 ;  5.3000000E+001
 4.0533778E-009 ;  3.6000000E+001
 4.0633862E-009 ;  5.1000000E+001
 4.0733945E-009 ;  4.3000000E+001
 4.0834028E-009 ;  3.6000000E+001
 4.0934112E-009 ;  3.8000000E+001
 4.1034195E-009 ;  4.2000000E+001
 4.1134279E-009 ;  2.9000000E+001
 4.1234362E-009 ;  3.7000000E+001
 4.1334445E-009 ;  4.6000000E+001
 4.1434529E-009 ;  2.9000000E+001
 4.1534612E-009 ;  4.4000000E+001
 4.1634696E-009 ;  3.7000000E+001
 4.1734779E-009 ;  3.9000000E+001
 4.1834862E-009 ;  4.1000000E+001
 4.1934946E-009 ;  5.2000000E+001
 4.2035029E-009 ;  4.4000000E+001
 4.2135113E-009 ;  2.9000000E+001
 4.2235196E-009 ;  4.1000000E+001
 4.2335279E-009 ;  4.1000000E+001
 4.2435363E-009 ;  4.7000000E+001
 4.2535446E-009 ;  3.4000000E+001
 4.2635530E-009 ;  3.4000000E+001
 4.2735613E-009 ;  2.9000000E+001
 4.2835696E-009 ;  3.4000000E+001
 4.2935780E-009 ;  3.6000000E+001
 4.3035863E-009 ;  3.4000000E+001
 4.3135947E-009 ;  4.7000000E+001
 4.3236030E-009 ;  2.5000000E+001
 4.3336113E-009 ;  4.6000000E+001
 4.3436197E-009 ;  2.6000000E+001
 4.3536280E-009 ;  3.1000000E+001
 4.3636364E-009 ;  2.9000000E+001
 4.3736447E-009 ;  3.7000000E+001
 4.3836530E-009 ;  3.4000000E+001
 4.3936614E-009 ;  3.6000000E+001
 4.4036697E-009 ;  3.4000000E+001
 4.4136781E-009 ;  2.6000000E+001
 4.4236864E-009 ;  3.0000000E+001
 4.4336947E-009 ;  2.7000000E+001
 4.4437031E-009 ;  3.7000000E+001
 4.4537114E-009 ;  2.9000000E+001
 4.4637198E-009 ;  3.4000000E+001
 4.4737281E-009 ;  4.5000000E+001
 4.4837364E-009 ;  3.9000000E+001
 4.4937448E-009 ;  2.9000000E+001
 4.5037531E-009 ;  3.0000000E+001
 4.5137615E-009 ;  3.6000000E+001
 4.5237698E-009 ;  2.5000000E+001
 4.5337781E-009 ;  2.9000000E+001
 4.5437865E-009 ;  2.8000000E+001
 4.5537948E-009 ;  2.1000000E+001
 4.5638032E-009 ;  3.2000000E+001
 4.5738115E-009 ;  4.1000000E+001
 4.5838198E-009 ;  3.2000000E+001
 4.5938282E-009 ;  3.0000000E+001
 4.6038365E-009 ;  3.1000000E+001
 4.6138449E-009 ;  2.9000000E+001
 4.6238532E-009 ;  3.2000000E+001
 4.6338616E-009 ;  2.5000000E+001
 4.6438699E-009 ;  3.6000000E+001
 4.6538782E-009 ;  3.1000000E+001
 4.6638866E-009 ;  3.3000000E+001
 4.6738949E-009 ;  3.0000000E+001
 4.6839033E-009 ;  3.3000000E+001
 4.6939116E-009 ;  2.5000000E+001
 4.7039199E-009 ;  3.4000000E+001
 4.7139283E-009 ;  2.8000000E+001
 4.7239366E-009 ;  3.3000000E+001
 4.7339450E-009 ;  4.0000000E+001
 4.7439533E-009 ;  2.2000000E+001
 4.7539616E-009 ;  2.8000000E+001
 4.7639700E-009 ;  2.5000000E+001
 4.7739783E-009 ;  3.0000000E+001
 4.7839867E-009 ;  2.2000000E+001
 4.7939950E-009 ;  2.9000000E+001
 4.8040033E-009 ;  4.0000000E+001
 4.8140117E-009 ;  3.2000000E+001
 4.8240200E-009 ;  2.7000000E+001
 4.8340284E-009 ;  3.2000000E+001
 4.8440367E-009 ;  2.4000000E+001
 4.8540450E-009 ;  3.3000000E+001
 4.8640534E-009 ;  3.5000000E+001
 4.8740617E-009 ;  1.4000000E+001
 4.8840701E-009 ;  3.3000000E+001
 4.8940784E-009 ;  2.1000000E+001
 4.9040867E-009 ;  2.7000000E+001
 4.9140951E-009 ;  3.4000000E+001
 4.9241034E-009 ;  2.5000000E+001
 4.9341118E-009 ;  2.3000000E+001
 4.9441201E-009 ;  2.4000000E+001
 4.9541284E-009 ;  3.0000000E+001
 4.9641368E-009 ;  2.8000000E+001
 4.9741451E-009 ;  1.9000000E+001
 4.9841535E-009 ;  2.5000000E+001
 4.9941618E-009 ;  2.9000000E+001
 5.0041701E-009 ;  3.1000000E+001
 5.0141785E-009 ;  3.2000000E+001
 5.0241868E-009 ;  2.3000000E+001
 5.0341952E-009 ;  3.0000000E+001
 5.0442035E-009 ;  2.8000000E+001
 5.0542118E-009 ;  3.1000000E+001
 5.0642202E-009 ;  3.7000000E+001
 5.0742285E-009 ;  2.3000000E+001
 5.0842369E-009 ;  2.7000000E+001
 5.0942452E-009 ;  2.8000000E+001
 5.1042535E-009 ;  2.6000000E+001
 5.1142619E-009 ;  3.5000000E+001
 5.1242702E-009 ;  3.1000000E+001
 5.1342786E-009 ;  2.8000000E+001
 5.1442869E-009 ;  2.9000000E+001
 5.1542952E-009 ;  2.5000000E+001
 5.1643036E-009 ;  1.8000000E+001
 5.1743119E-009 ;  1.9000000E+001
 5.1843203E-009 ;  1.9000000E+001
 5.1943286E-009 ;  2.7000000E+001
 5.2043369E-009 ;  3.3000000E+001
 5.2143453E-009 ;  3.0000000E+001
 5.2243536E-009 ;  3.6000000E+001
 5.2343620E-009 ;  2.8000000E+001
 5.2443703E-009 ;  1.9000000E+001
 5.2543786E-009 ;  3.3000000E+001
 5.2643870E-009 ;  2.5000000E+001
 5.2743953E-009 ;  2.2000000E+001
 5.2844037E-009 ;  2.3000000E+001
 5.2944120E-009 ;  4.0000000E+001
 5.3044204E-009 ;  3.7000000E+001
 5.3144287E-009 ;  2.0000000E+001
 5.3244370E-009 ;  3.0000000E+001
 5.3344454E-009 ;  2.7000000E+001
 5.3444537E-009 ;  2.5000000E+001
 5.3544621E-009 ;  2.7000000E+001
 5.3644704E-009 ;  2.5000000E+001
 5.3744787E-009 ;  2.9000000E+001
 5.3844871E-009 ;  2.9000000E+001
 5.3944954E-009 ;  1.9000000E+001
 5.4045038E-009 ;  2.4000000E+001
 5.4145121E-009 ;  2.5000000E+001
 5.4245204E-009 ;  2.3000000E+001
 5.4345288E-009 ;  3.3000000E+001
 5.4445371E-009 ;  1.6000000E+001
 5.4545455E-009 ;  2.9000000E+001
 5.4645538E-009 ;  2.2000000E+001
 5.4745621E-009 ;  1.9000000E+001
 5.4845705E-009 ;  2.8000000E+001
 5.4945788E-009 ;  2.5000000E+001
 5.5045872E-009 ;  2.3000000E+001
 5.5145955E-009 ;  2.2000000E+001
 5.5246038E-009 ;  3.5000000E+001
 5.5346122E-009 ;  3.0000000E+001
 5.5446205E-009 ;  1.8000000E+001
 5.5546289E-009 ;  1.6000000E+001
 5.5646372E-009 ;  2.3000000E+001
 5.5746455E-009 ;  1.9000000E+001
 5.5846539E-009 ;  3.2000000E+001
 5.5946622E-009 ;  1.7000000E+001
 5.6046706E-009 ;  2.5000000E+001
 5.6146789E-009 ;  1.3000000E+001
 5.6246872E-009 ;  2.7000000E+001
 5.6346956E-009 ;  2.1000000E+001
 5.6447039E-009 ;  2.9000000E+001
 5.6547123E-009 ;  1.8000000E+001
 5.6647206E-009 ;  1.6000000E+001
 5.6747289E-009 ;  2.4000000E+001
 5.6847373E-009 ;  2.1000000E+001
 5.6947456E-009 ;  2.0000000E+001
 5.7047540E-009 ;  2.1000000E+001
 5.7147623E-009 ;  2.1000000E+001
 5.7247706E-009 ;  2.6000000E+001
 5.7347790E-009 ;  2.8000000E+001
 5.7447873E-009 ;  2.4000000E+001
 5.7547957E-009 ;  3.0000000E+001
 5.7648040E-009 ;  1.8000000E+001
 5.7748123E-009 ;  1.4000000E+001
 5.7848207E-009 ;  1.7000000E+001
 5.7948290E-009 ;  2.5000000E+001
 5.8048374E-009 ;  2.3000000E+001
 5.8148457E-009 ;  3.1000000E+001
 5.8248540E-009 ;  1.8000000E+001
 5.8348624E-009 ;  1.6000000E+001
 5.8448707E-009 ;  2.1000000E+001
 5.8548791E-009 ;  1.8000000E+001
 5.8648874E-009 ;  2.1000000E+001
 5.8748957E-009 ;  3.0000000E+001
 5.8849041E-009 ;  2.8000000E+001
 5.8949124E-009 ;  2.1000000E+001
 5.9049208E-009 ;  1.2000000E+001
 5.9149291E-009 ;  2.3000000E+001
 5.9249374E-009 ;  2.5000000E+001
 5.9349458E-009 ;  2.3000000E+001
 5.9449541E-009 ;  2.2000000E+001
 5.9549625E-009 ;  2.7000000E+001
 5.9649708E-009 ;  2.1000000E+001
 5.9749791E-009 ;  2.4000000E+001
 5.9849875E-009 ;  1.2000000E+001
 5.9949958E-009 ;  1.7000000E+001
 6.0050042E-009 ;  1.9000000E+001
 6.0150125E-009 ;  1.9000000E+001
 6.0250209E-009 ;  2.4000000E+001
 6.0350292E-009 ;  3.0000000E+001
 6.0450375E-009 ;  1.5000000E+001
 6.0550459E-009 ;  1.7000000E+001
 6.0650542E-009 ;  1.9000000E+001
 6.0750626E-009 ;  2.8000000E+001
 6.0850709E-009 ;  1.3000000E+001
 6.0950792E-009 ;  1.3000000E+001
 6.1050876E-009 ;  2.5000000E+001
 6.1150959E-009 ;  2.1000000E+001
 6.1251043E-009 ;  1.7000000E+001
 6.1351126E-009 ;  1.6000000E+001
 6.1451209E-009 ;  1.6000000E+001
 6.1551293E-009 ;  2.6000000E+001
 6.1651376E-009 ;  2.7000000E+001
 6.1751460E-009 ;  1.9000000E+001
 6.1851543E-009 ;  2.3000000E+001
 6.1951626E-009 ;  1.9000000E+001
 6.2051710E-009 ;  2.4000000E+001
 6.2151793E-009 ;  1.9000000E+001
 6.2251877E-009 ;  1.7000000E+001
 6.2351960E-009 ;  2.5000000E+001
 6.2452043E-009 ;  1.3000000E+001
 6.2552127E-009 ;  1.9000000E+001
 6.2652210E-009 ;  1.3000000E+001
 6.2752294E-009 ;  1.9000000E+001
 6.2852377E-009 ;  2.0000000E+001
 6.2952460E-009 ;  2.2000000E+001
 6.3052544E-009 ;  1.8000000E+001
 6.3152627E-009 ;  1.1000000E+001
 6.3252711E-009 ;  1.8000000E+001
 6.3352794E-009 ;  2.2000000E+001
 6.3452877E-009 ;  1.6000000E+001
 6.3552961E-009 ;  1.8000000E+001
 6.3653044E-009 ;  1.6000000E+001
 6.3753128E-009 ;  1.4000000E+001
 6.3853211E-009 ;  1.2000000E+001
 6.3953294E-009 ;  2.7000000E+001
 6.4053378E-009 ;  1.6000000E+001
 6.4153461E-009 ;  1.6000000E+001
 6.4253545E-009 ;  1.3000000E+001
 6.4353628E-009 ;  2.6000000E+001
 6.4453711E-009 ;  1.7000000E+001
 6.4553795E-009 ;  1.4000000E+001
 6.4653878E-009 ;  2.2000000E+001
 6.4753962E-009 ;  1.3000000E+001
 6.4854045E-009 ;  2.1000000E+001
 6.4954128E-009 ;  1.6000000E+001
 6.5054212E-009 ;  2.3000000E+001
 6.5154295E-009 ;  1.6000000E+001
 6.5254379E-009 ;  1.7000000E+001
 6.5354462E-009 ;  1.2000000E+001
 6.5454545E-009 ;  1.7000000E+001
 6.5554629E-009 ;  2.1000000E+001
 6.5654712E-009 ;  1.5000000E+001
 6.5754796E-009 ;  2.3000000E+001
 6.5854879E-009 ;  1.1000000E+001
 6.5954962E-009 ;  1.7000000E+001
 6.6055046E-009 ;  1.3000000E+001
 6.6155129E-009 ;  1.5000000E+001
 6.6255213E-009 ;  2.3000000E+001
 6.6355296E-009 ;  1.0000000E+001
 6.6455379E-009 ;  2.8000000E+001
 6.6555463E-009 ;  1.4000000E+001
 6.6655546E-009 ;  1.5000000E+001
 6.6755630E-009 ;  1.3000000E+001
 6.6855713E-009 ;  1.8000000E+001
 6.6955796E-009 ;  1.4000000E+001
 6.7055880E-009 ;  2.0000000E+001
 6.7155963E-009 ;  1.2000000E+001
 6.7256047E-009 ;  2.5000000E+001
 6.7356130E-009 ;  1.9000000E+001
 6.7456214E-009 ;  2.4000000E+001
 6.7556297E-009 ;  1.4000000E+001
 6.7656380E-009 ;  1.6000000E+001
 6.7756464E-009 ;  2.4000000E+001
 6.7856547E-009 ;  1.2000000E+001
 6.7956631E-009 ;  1.0000000E+001
 6.8056714E-009 ;  1.9000000E+001
 6.8156797E-009 ;  1.8000000E+001
 6.8256881E-009 ;  2.1000000E+001
 6.8356964E-009 ;  1.6000000E+001
 6.8457048E-009 ;  2.1000000E+001
 6.8557131E-009 ;  1.4000000E+001
 6.8657214E-009 ;  2.1000000E+001
 6.8757298E-009 ;  1.9000000E+001
 6.8857381E-009 ;  1.8000000E+001
 6.8957465E-009 ;  1.5000000E+001
 6.9057548E-009 ;  1.2000000E+001
 6.9157631E-009 ;  2.4000000E+001
 6.9257715E-009 ;  1.1000000E+001
 6.9357798E-009 ;  1.4000000E+001
 6.9457882E-009 ;  1.2000000E+001
 6.9557965E-009 ;  1.4000000E+001
 6.9658048E-009 ;  1.4000000E+001
 6.9758132E-009 ;  1.5000000E+001
 6.9858215E-009 ;  1.6000000E+001
 6.9958299E-009 ;  1.0000000E+001
 7.0058382E-009 ;  1.5000000E+001
 7.0158465E-009 ;  1.4000000E+001
 7.0258549E-009 ;  1.0000000E+001
 7.0358632E-009 ;  2.6000000E+001
 7.0458716E-009 ;  1.0000000E+001
 7.0558799E-009 ;  1.8000000E+001
 7.0658882E-009 ;  1.4000000E+001
 7.0758966E-009 ;  1.8000000E+001
 7.0859049E-009 ;  1.5000000E+001
 7.0959133E-009 ;  1.6000000E+001
 7.1059216E-009 ;  1.2000000E+001
 7.1159299E-009 ;  1.9000000E+001
 7.1259383E-009 ;  2.0000000E+001
 7.1359466E-009 ;  1.7000000E+001
 7.1459550E-009 ;  1.5000000E+001
 7.1559633E-009 ;  1.8000000E+001
 7.1659716E-009 ;  1.1000000E+001
 7.1759800E-009 ;  1.6000000E+001
 7.1859883E-009 ;  1.4000000E+001
 7.1959967E-009 ;  9.0000000E+000
 7.2060050E-009 ;  1.5000000E+001
 7.2160133E-009 ;  8.0000000E+000
 7.2260217E-009 ;  1.8000000E+001
 7.2360300E-009 ;  9.0000000E+000
 7.2460384E-009 ;  1.6000000E+001
 7.2560467E-009 ;  2.0000000E+001
 7.2660550E-009 ;  1.1000000E+001
 7.2760634E-009 ;  1.8000000E+001
 7.2860717E-009 ;  1.6000000E+001
 7.2960801E-009 ;  1.8000000E+001
 7.3060884E-009 ;  2.2000000E+001
 7.3160967E-009 ;  2.0000000E+000
 7.3261051E-009 ;  1.5000000E+001
 7.3361134E-009 ;  1.2000000E+001
 7.3461218E-009 ;  1.5000000E+001
 7.3561301E-009 ;  1.1000000E+001
 7.3661384E-009 ;  2.0000000E+001
 7.3761468E-009 ;  1.0000000E+001
 7.3861551E-009 ;  1.6000000E+001
 7.3961635E-009 ;  1.6000000E+001
 7.4061718E-009 ;  1.2000000E+001
 7.4161802E-009 ;  7.0000000E+000
 7.4261885E-009 ;  1.6000000E+001
 7.4361968E-009 ;  2.1000000E+001
 7.4462052E-009 ;  8.0000000E+000
 7.4562135E-009 ;  2.3000000E+001
 7.4662219E-009 ;  6.0000000E+000
 7.4762302E-009 ;  1.7000000E+001
 7.4862385E-009 ;  1.1000000E+001
 7.4962469E-009 ;  1.8000000E+001
 7.5062552E-009 ;  1.7000000E+001
 7.5162636E-009 ;  1.6000000E+001
 7.5262719E-009 ;  1.8000000E+001
 7.5362802E-009 ;  1.6000000E+001
 7.5462886E-009 ;  1.7000000E+001
 7.5562969E-009 ;  1.5000000E+001
 7.5663053E-009 ;  1.3000000E+001
 7.5763136E-009 ;  1.1000000E+001
 7.5863219E-009 ;  1.8000000E+001
 7.5963303E-009 ;  1.3000000E+001
 7.6063386E-009 ;  1.3000000E+001
 7.6163470E-009 ;  2.1000000E+001
 7.6263553E-009 ;  9.0000000E+000
 7.6363636E-009 ;  1.8000000E+001
 7.6463720E-009 ;  1.5000000E+001
 7.6563803E-009 ;  1.1000000E+001
 7.6663887E-009 ;  1.1000000E+001
 7.6763970E-009 ;  1.6000000E+001
 7.6864053E-009 ;  1.2000000E+001
 7.6964137E-009 ;  2.4000000E+001
 7.7064220E-009 ;  7.0000000E+000
 7.7164304E-009 ;  1.3000000E+001
 7.7264387E-009 ;  1.2000000E+001
 7.7364470E-009 ;  8.0000000E+000
 7.7464554E-009 ;  1.4000000E+001
 7.7564637E-009 ;  1.8000000E+001
 7.7664721E-009 ;  1.0000000E+001
 7.7764804E-009 ;  1.3000000E+001
 7.7864887E-009 ;  1.0000000E+001
 7.7964971E-009 ;  1.8000000E+001
 7.8065054E-009 ;  1.2000000E+001
 7.8165138E-009 ;  1.4000000E+001
 7.8265221E-009 ;  1.7000000E+001
 7.8365304E-009 ;  1.1000000E+001
 7.8465388E-009 ;  1.5000000E+001
 7.8565471E-009 ;  1.1000000E+001
 7.8665555E-009 ;  1.8000000E+001
 7.8765638E-009 ;  1.1000000E+001
 7.8865721E-009 ;  1.3000000E+001
 7.8965805E-009 ;  1.0000000E+001
 7.9065888E-009 ;  1.6000000E+001
 7.9165972E-009 ;  1.1000000E+001
 7.9266055E-009 ;  1.4000000E+001
 7.9366138E-009 ;  7.0000000E+000
 7.9466222E-009 ;  2.0000000E+001
 7.9566305E-009 ;  1.1000000E+001
 7.9666389E-009 ;  1.5000000E+001
 7.9766472E-009 ;  1.2000000E+001
 7.9866555E-009 ;  1.4000000E+001
 7.9966639E-009 ;  1.0000000E+001
 8.0066722E-009 ;  1.6000000E+001
 8.0166806E-009 ;  1.6000000E+001
 8.0266889E-009 ;  1.0000000E+001
 8.0366972E-009 ;  1.4000000E+001
 8.0467056E-009 ;  1.7000000E+001
 8.0567139E-009 ;  1.6000000E+001
 8.0667223E-009 ;  1.3000000E+001
 8.0767306E-009 ;  1.3000000E+001
 8.0867389E-009 ;  1.5000000E+001
 8.0967473E-009 ;  1.0000000E+001
 8.1067556E-009 ;  1.5000000E+001
 8.1167640E-009 ;  1.9000000E+001
 8.1267723E-009 ;  1.8000000E+001
 8.1367807E-009 ;  1.7000000E+001
 8.1467890E-009 ;  1.7000000E+001
 8.1567973E-009 ;  1.0000000E+001
 8.1668057E-009 ;  1.4000000E+001
 8.1768140E-009 ;  1.4000000E+001
 8.1868224E-009 ;  1.1000000E+001
 8.1968307E-009 ;  1.0000000E+001
 8.2068390E-009 ;  1.1000000E+001
 8.2168474E-009 ;  9.0000000E+000
 8.2268557E-009 ;  1.3000000E+001
 8.2368641E-009 ;  1.4000000E+001
 8.2468724E-009 ;  1.3000000E+001
 8.2568807E-009 ;  1.0000000E+001
 8.2668891E-009 ;  1.6000000E+001
 8.2768974E-009 ;  6.0000000E+000
 8.2869058E-009 ;  1.1000000E+001
 8.2969141E-009 ;  1.3000000E+001
 8.3069224E-009 ;  1.3000000E+001
 8.3169308E-009 ;  1.5000000E+001
 8.3269391E-009 ;  1.4000000E+001
 8.3369475E-009 ;  1.4000000E+001
 8.3469558E-009 ;  1.5000000E+001
 8.3569641E-009 ;  1.4000000E+001
 8.3669725E-009 ;  9.0000000E+000
 8.3769808E-009 ;  1.2000000E+001
 8.3869892E-009 ;  1.5000000E+001
 8.3969975E-009 ;  9.0000000E+000
 8.4070058E-009 ;  1.5000000E+001
 8.4170142E-009 ;  9.0000000E+000
 8.4270225E-009 ;  1.6000000E+001
 8.4370309E-009 ;  1.2000000E+001
 8.4470392E-009 ;  1.2000000E+001
 8.4570475E-009 ;  1.8000000E+001
 8.4670559E-009 ;  1.0000000E+001
 8.4770642E-009 ;  1.3000000E+001
 8.4870726E-009 ;  1.4000000E+001
 8.4970809E-009 ;  1.3000000E+001
 8.5070892E-009 ;  1.2000000E+001
 8.5170976E-009 ;  1.4000000E+001
 8.5271059E-009 ;  1.5000000E+001
 8.5371143E-009 ;  1.2000000E+001
 8.5471226E-009 ;  1.3000000E+001
 8.5571309E-009 ;  9.0000000E+000
 8.5671393E-009 ;  1.2000000E+001
 8.5771476E-009 ;  1.2000000E+001
 8.5871560E-009 ;  1.0000000E+001
 8.5971643E-009 ;  1.2000000E+001
 8.6071726E-009 ;  4.0000000E+000
 8.6171810E-009 ;  1.3000000E+001
 8.6271893E-009 ;  1.4000000E+001
 8.6371977E-009 ;  4.0000000E+000
 8.6472060E-009 ;  1.0000000E+001
 8.6572143E-009 ;  1.4000000E+001
 8.6672227E-009 ;  1.4000000E+001
 8.6772310E-009 ;  9.0000000E+000
 8.6872394E-009 ;  1.1000000E+001
 8.6972477E-009 ;  9.0000000E+000
 8.7072560E-009 ;  1.5000000E+001
 8.7172644E-009 ;  8.0000000E+000
 8.7272727E-009 ;  1.1000000E+001
 8.7372811E-009 ;  1.4000000E+001
 8.7472894E-009 ;  1.3000000E+001
 8.7572977E-009 ;  9.0000000E+000
 8.7673061E-009 ;  1.9000000E+001
 8.7773144E-009 ;  1.0000000E+001
 8.7873228E-009 ;  1.4000000E+001
 8.7973311E-009 ;  1.0000000E+001
 8.8073394E-009 ;  1.7000000E+001
 8.8173478E-009 ;  6.0000000E+000
 8.8273561E-009 ;  1.1000000E+001
 8.8373645E-009 ;  4.0000000E+000
 8.8473728E-009 ;  1.3000000E+001
 8.8573812E-009 ;  6.0000000E+000
 8.8673895E-009 ;  1.2000000E+001
 8.8773978E-009 ;  6.0000000E+000
 8.8874062E-009 ;  8.0000000E+000
 8.8974145E-009 ;  1.2000000E+001
 8.9074229E-009 ;  1.2000000E+001
 8.9174312E-009 ;  7.0000000E+000
 8.9274395E-009 ;  6.0000000E+000
 8.9374479E-009 ;  4.0000000E+000
 8.9474562E-009 ;  9.0000000E+000
 8.9574646E-009 ;  1.3000000E+001
 8.9674729E-009 ;  1.0000000E+001
 8.9774812E-009 ;  8.0000000E+000
 8.9874896E-009 ;  1.5000000E+001
 8.9974979E-009 ;  1.1000000E+001
 9.0075063E-009 ;  1.3000000E+001
 9.0175146E-009 ;  9.0000000E+000
 9.0275229E-009 ;  9.0000000E+000
 9.0375313E-009 ;  1.6000000E+001
 9.0475396E-009 ;  9.0000000E+000
 9.0575480E-009 ;  7.0000000E+000
 9.0675563E-009 ;  1.1000000E+001
 9.0775646E-009 ;  9.0000000E+000
 9.0875730E-009 ;  8.0000000E+000
 9.0975813E-009 ;  1.2000000E+001
 9.1075897E-009 ;  5.0000000E+000
 9.1175980E-009 ;  1.6000000E+001
 9.1276063E-009 ;  1.1000000E+001
 9.1376147E-009 ;  3.0000000E+000
 9.1476230E-009 ;  1.3000000E+001
 9.1576314E-009 ;  1.2000000E+001
 9.1676397E-009 ;  9.0000000E+000
 9.1776480E-009 ;  1.4000000E+001
 9.1876564E-009 ;  8.0000000E+000
 9.1976647E-009 ;  1.4000000E+001
 9.2076731E-009 ;  1.4000000E+001
 9.2176814E-009 ;  1.4000000E+001
 9.2276897E-009 ;  1.5000000E+001
 9.2376981E-009 ;  1.2000000E+001
 9.2477064E-009 ;  9.0000000E+000
 9.2577148E-009 ;  1.1000000E+001
 9.2677231E-009 ;  1.1000000E+001
 9.2777314E-009 ;  1.1000000E+001
 9.2877398E-009 ;  1.5000000E+001
 9.2977481E-009 ;  1.0000000E+001
 9.3077565E-009 ;  1.3000000E+001
 9.3177648E-009 ;  9.0000000E+000
 9.3277731E-009 ;  9.0000000E+000
 9.3377815E-009 ;  8.0000000E+000
 9.3477898E-009 ;  7.0000000E+000
 9.3577982E-009 ;  8.0000000E+000
 9.3678065E-009 ;  1.6000000E+001
 9.3778148E-009 ;  7.0000000E+000
 9.3878232E-009 ;  9.0000000E+000
 9.3978315E-009 ;  9.0000000E+000
 9.4078399E-009 ;  1.1000000E+001
 9.4178482E-009 ;  1.6000000E+001
 9.4278565E-009 ;  1.1000000E+001
 9.4378649E-009 ;  7.0000000E+000
 9.4478732E-009 ;  1.2000000E+001
 9.4578816E-009 ;  1.9000000E+001
 9.4678899E-009 ;  1.3000000E+001
 9.4778982E-009 ;  1.2000000E+001
 9.4879066E-009 ;  1.1000000E+001
 9.4979149E-009 ;  1.2000000E+001
 9.5079233E-009 ;  9.0000000E+000
 9.5179316E-009 ;  1.6000000E+001
 9.5279399E-009 ;  1.7000000E+001
 9.5379483E-009 ;  1.1000000E+001
 9.5479566E-009 ;  6.0000000E+000
 9.5579650E-009 ;  1.0000000E+001
 9.5679733E-009 ;  1.0000000E+001
 9.5779817E-009 ;  9.0000000E+000
 9.5879900E-009 ;  1.6000000E+001
 9.5979983E-009 ;  1.4000000E+001
 9.6080067E-009 ;  1.0000000E+001
 9.6180150E-009 ;  9.0000000E+000
 9.6280234E-009 ;  1.2000000E+001
 9.6380317E-009 ;  5.0000000E+000
 9.6480400E-009 ;  1.0000000E+001
 9.6580484E-009 ;  1.0000000E+001
 9.6680567E-009 ;  1.0000000E+001
 9.6780651E-009 ;  1.3000000E+001
 9.6880734E-009 ;  5.0000000E+000
 9.6980817E-009 ;  6.0000000E+000
 9.7080901E-009 ;  4.0000000E+000
 9.7180984E-009 ;  6.0000000E+000
 9.7281068E-009 ;  5.0000000E+000
 9.7381151E-009 ;  7.0000000E+000
 9.7481234E-009 ;  1.1000000E+001
 9.7581318E-009 ;  3.0000000E+000
 9.7681401E-009 ;  1.2000000E+001
 9.7781485E-009 ;  9.0000000E+000
 9.7881568E-009 ;  5.0000000E+000
 9.7981651E-009 ;  1.3000000E+001
 9.8081735E-009 ;  7.0000000E+000
 9.8181818E-009 ;  1.2000000E+001
 9.8281902E-009 ;  6.0000000E+000
 9.8381985E-009 ;  1.2000000E+001
 9.8482068E-009 ;  8.0000000E+000
 9.8582152E-009 ;  5.0000000E+000
 9.8682235E-009 ;  1.0000000E+001
 9.8782319E-009 ;  5.0000000E+000
 9.8882402E-009 ;  1.2000000E+001
 9.8982485E-009 ;  8.0000000E+000
 9.9082569E-009 ;  8.0000000E+000
 9.9182652E-009 ;  7.0000000E+000
 9.9282736E-009 ;  1.0000000E+001
 9.9382819E-009 ;  6.0000000E+000
 9.9482902E-009 ;  1.0000000E+001
 9.9582986E-009 ;  9.0000000E+000
 9.9683069E-009 ;  1.1000000E+001
 9.9783153E-009 ;  7.0000000E+000
 9.9883236E-009 ;  1.1000000E+001
 9.9983319E-009 ;  6.0000000E+000
 1.0008340E-008 ;  7.0000000E+000
 1.0018349E-008 ;  5.0000000E+000
 1.0028357E-008 ;  1.0000000E+001
 1.0038365E-008 ;  1.0000000E+001
 1.0048374E-008 ;  1.2000000E+001
 1.0058382E-008 ;  8.0000000E+000
 1.0068390E-008 ;  7.0000000E+000
 1.0078399E-008 ;  1.0000000E+001
 1.0088407E-008 ;  9.0000000E+000
 1.0098415E-008 ;  7.0000000E+000
 1.0108424E-008 ;  9.0000000E+000
 1.0118432E-008 ;  9.0000000E+000
 1.0128440E-008 ;  3.0000000E+000
 1.0138449E-008 ;  1.1000000E+001
 1.0148457E-008 ;  7.0000000E+000
 1.0158465E-008 ;  3.0000000E+000
 1.0168474E-008 ;  3.0000000E+000
 1.0178482E-008 ;  1.2000000E+001
 1.0188490E-008 ;  1.3000000E+001
 1.0198499E-008 ;  1.3000000E+001
 1.0208507E-008 ;  9.0000000E+000
 1.0218515E-008 ;  4.0000000E+000
 1.0228524E-008 ;  9.0000000E+000
 1.0238532E-008 ;  7.0000000E+000
 1.0248540E-008 ;  1.2000000E+001
 1.0258549E-008 ;  5.0000000E+000
 1.0268557E-008 ;  8.0000000E+000
 1.0278565E-008 ;  7.0000000E+000
 1.0288574E-008 ;  5.0000000E+000
 1.0298582E-008 ;  1.2000000E+001
 1.0308590E-008 ;  7.0000000E+000
 1.0318599E-008 ;  1.0000000E+001
 1.0328607E-008 ;  7.0000000E+000
 1.0338616E-008 ;  1.1000000E+001
 1.0348624E-008 ;  5.0000000E+000
 1.0358632E-008 ;  1.0000000E+001
 1.0368641E-008 ;  7.0000000E+000
 1.0378649E-008 ;  9.0000000E+000
 1.0388657E-008 ;  7.0000000E+000
 1.0398666E-008 ;  1.3000000E+001
 1.0408674E-008 ;  7.0000000E+000
 1.0418682E-008 ;  7.0000000E+000
 1.0428691E-008 ;  5.0000000E+000
 1.0438699E-008 ;  6.0000000E+000
 1.0448707E-008 ;  1.4000000E+001
 1.0458716E-008 ;  7.0000000E+000
 1.0468724E-008 ;  9.0000000E+000
 1.0478732E-008 ;  6.0000000E+000
 1.0488741E-008 ;  7.0000000E+000
 1.0498749E-008 ;  5.0000000E+000
 1.0508757E-008 ;  9.0000000E+000
 1.0518766E-008 ;  1.2000000E+001
 1.0528774E-008 ;  7.0000000E+000
 1.0538782E-008 ;  8.0000000E+000
 1.0548791E-008 ;  9.0000000E+000
 1.0558799E-008 ;  8.0000000E+000
 1.0568807E-008 ;  6.0000000E+000
 1.0578816E-008 ;  1.2000000E+001
 1.0588824E-008 ;  5.0000000E+000
 1.0598832E-008 ;  8.0000000E+000
 1.0608841E-008 ;  1.1000000E+001
 1.0618849E-008 ;  6.0000000E+000
 1.0628857E-008 ;  1.1000000E+001
 1.0638866E-008 ;  1.0000000E+001
 1.0648874E-008 ;  9.0000000E+000
 1.0658882E-008 ;  8.0000000E+000
 1.0668891E-008 ;  7.0000000E+000
 1.0678899E-008 ;  9.0000000E+000
 1.0688907E-008 ;  1.0000000E+001
 1.0698916E-008 ;  7.0000000E+000
 1.0708924E-008 ;  9.0000000E+000
 1.0718932E-008 ;  4.0000000E+000
 1.0728941E-008 ;  9.0000000E+000
 1.0738949E-008 ;  1.0000000E+001
 1.0748957E-008 ;  6.0000000E+000
 1.0758966E-008 ;  7.0000000E+000
 1.0768974E-008 ;  5.0000000E+000
 1.0778982E-008 ;  9.0000000E+000
 1.0788991E-008 ;  2.0000000E+000
 1.0798999E-008 ;  9.0000000E+000
 1.0809008E-008 ;  7.0000000E+000
 1.0819016E-008 ;  1.6000000E+001
 1.0829024E-008 ;  1.4000000E+001
 1.0839033E-008 ;  1.0000000E+001
 1.0849041E-008 ;  6.0000000E+000
 1.0859049E-008 ;  1.3000000E+001
 1.0869058E-008 ;  9.0000000E+000
 1.0879066E-008 ;  8.0000000E+000
 1.0889074E-008 ;  7.0000000E+000
 1.0899083E-008 ;  8.0000000E+000
 1.0909091E-008 ;  9.0000000E+000
 1.0919099E-008 ;  1.4000000E+001
 1.0929108E-008 ;  1.3000000E+001
 1.0939116E-008 ;  7.0000000E+000
 1.0949124E-008 ;  5.0000000E+000
 1.0959133E-008 ;  6.0000000E+000
 1.0969141E-008 ;  9.0000000E+000
 1.0979149E-008 ;  9.0000000E+000
 1.0989158E-008 ;  7.0000000E+000
 1.0999166E-008 ;  1.2000000E+001
 1.1009174E-008 ;  1.2000000E+001
 1.1019183E-008 ;  1.0000000E+001
 1.1029191E-008 ;  6.0000000E+000
 1.1039199E-008 ;  1.1000000E+001
 1.1049208E-008 ;  6.0000000E+000
 1.1059216E-008 ;  1.0000000E+001
 1.1069224E-008 ;  8.0000000E+000
 1.1079233E-008 ;  7.0000000E+000
 1.1089241E-008 ;  1.2000000E+001
 1.1099249E-008 ;  8.0000000E+000
 1.1109258E-008 ;  9.0000000E+000
 1.1119266E-008 ;  7.0000000E+000
 1.1129274E-008 ;  1.4000000E+001
 1.1139283E-008 ;  6.0000000E+000
 1.1149291E-008 ;  7.0000000E+000
 1.1159299E-008 ;  5.0000000E+000
 1.1169308E-008 ;  8.0000000E+000
 1.1179316E-008 ;  7.0000000E+000
 1.1189324E-008 ;  8.0000000E+000
 1.1199333E-008 ;  4.0000000E+000
 1.1209341E-008 ;  7.0000000E+000
 1.1219349E-008 ;  7.0000000E+000
 1.1229358E-008 ;  4.0000000E+000
 1.1239366E-008 ;  9.0000000E+000
 1.1249374E-008 ;  9.0000000E+000
 1.1259383E-008 ;  1.4000000E+001
 1.1269391E-008 ;  5.0000000E+000
 1.1279399E-008 ;  7.0000000E+000
 1.1289408E-008 ;  8.0000000E+000
 1.1299416E-008 ;  1.3000000E+001
 1.1309425E-008 ;  9.0000000E+000
 1.1319433E-008 ;  5.0000000E+000
 1.1329441E-008 ;  6.0000000E+000
 1.1339450E-008 ;  6.0000000E+000
 1.1349458E-008 ;  6.0000000E+000
 1.1359466E-008 ;  8.0000000E+000
 1.1369475E-008 ;  1.3000000E+001
 1.1379483E-008 ;  8.0000000E+000
 1.1389491E-008 ;  9.0000000E+000
 1.1399500E-008 ;  4.0000000E+000
 1.1409508E-008 ;  9.0000000E+000
 1.1419516E-008 ;  1.2000000E+001
 1.1429525E-008 ;  6.0000000E+000
 1.1439533E-008 ;  8.0000000E+000
 1.1449541E-008 ;  7.0000000E+000
 1.1459550E-008 ;  1.6000000E+001
 1.1469558E-008 ;  9.0000000E+000
 1.1479566E-008 ;  1.0000000E+001
 1.1489575E-008 ;  1.0000000E+001
 1.1499583E-008 ;  1.1000000E+001
 1.1509591E-008 ;  7.0000000E+000
 1.1519600E-008 ;  8.0000000E+000
 1.1529608E-008 ;  1.0000000E+001
 1.1539616E-008 ;  9.0000000E+000
 1.1549625E-008 ;  7.0000000E+000
 1.1559633E-008 ;  8.0000000E+000
 1.1569641E-008 ;  9.0000000E+000
 1.1579650E-008 ;  8.0000000E+000
 1.1589658E-008 ;  1.2000000E+001
 1.1599666E-008 ;  8.0000000E+000
 1.1609675E-008 ;  6.0000000E+000
 1.1619683E-008 ;  4.0000000E+000
 1.1629691E-008 ;  1.3000000E+001
 1.1639700E-008 ;  7.0000000E+000
 1.1649708E-008 ;  6.0000000E+000
 1.1659716E-008 ;  7.0000000E+000
 1.1669725E-008 ;  7.0000000E+000
 1.1679733E-008 ;  1.2000000E+001
 1.1689741E-008 ;  8.0000000E+000
 1.1699750E-008 ;  1.4000000E+001
 1.1709758E-008 ;  5.0000000E+000
 1.1719766E-008 ;  1.4000000E+001
 1.1729775E-008 ;  6.0000000E+000
 1.1739783E-008 ;  1.3000000E+001
 1.1749791E-008 ;  8.0000000E+000
 1.1759800E-008 ;  8.0000000E+000
 1.1769808E-008 ;  1.1000000E+001
 1.1779817E-008 ;  7.0000000E+000
 1.1789825E-008 ;  7.0000000E+000
 1.1799833E-008 ;  7.0000000E+000
 1.1809842E-008 ;  1.5000000E+001
 1.1819850E-008 ;  1.0000000E+001
 1.1829858E-008 ;  1.1000000E+001
 1.1839867E-008 ;  1.6000000E+001
 1.1849875E-008 ;  8.0000000E+000
 1.1859883E-008 ;  4.0000000E+000
 1.1869892E-008 ;  7.0000000E+000
 1.1879900E-008 ;  9.0000000E+000
 1.1889908E-008 ;  1.1000000E+001
 1.1899917E-008 ;  1.3000000E+001
 1.1909925E-008 ;  1.1000000E+001
 1.1919933E-008 ;  1.5000000E+001
 1.1929942E-008 ;  8.0000000E+000
 1.1939950E-008 ;  5.0000000E+000
 1.1949958E-008 ;  1.5000000E+001
 1.1959967E-008 ;  9.0000000E+000
 1.1969975E-008 ;  9.0000000E+000
 1.1979983E-008 ;  8.0000000E+000
 1.1989992E-008 ;  1.3000000E+001
 1.2000000E-008 ;  9.0000000E+000
